1523.6352276743776
1481.8158492708437
1423.0254123606587
1590.155268211136
1518.5497079027534
1490.3008824086
1482.010856551099
1478.9460643748403
1481.2668470588471
1594.8758537643296
1405.0317500221709
1352.3204092018625
1548.8444298633224
1375.1912329507993
1492.7663317456934
1495.3735114400122
1466.6107196749072
1454.6620198543467
1508.441527848896
1474.4600663408369
1507.7491121589653
1514.92626541987
1478.2963831043276
1552.0938382470767
1412.8117929192172
1335.5632078237065
1511.3736744715561
1480.928815700127
1514.205745188486
1502.8360438885095
1550.1116452862902
1505.3384184045062
1480.077644759299
1600.5776322530871
1386.66197959797
1474.895820209899
1497.743252874855
1620.2633421762696
1579.9332268960827
1541.2915665984294
1579.1346929385898
1431.421232429237
1527.8192803540337
1398.6471915268605
1529.986496689295
1389.0626979593114
1430.8366855890474
1577.1475287273563
1580.1447053627674
1558.8515951630754
1628.7407345269378
1582.4804329695348
1459.1782269884754
1561.7886327605747
1586.8498885578467
1530.3832539682946
1457.252268888379
1580.730739749459
1468.183344485622
1537.6208005467895
1530.8846956505524
1500.7444440359347
1562.8318512868689
1402.203328617734
1553.4326992974654
1498.5694225410186
1448.6105692147646
1530.085479417782
1572.5639816806558
1539.4801470453956
1569.8298346703027
1494.191264329817
1499.3437739341134
1498.5093598494666
1483.2139947256758
1473.1700907484135
1543.030226825971
1520.9860490044916
1517.3025967103054
1573.1989965840419
1516.8776876164327
1500.2418188068452
1450.0033182684422
1443.768451113276
1496.5551998196502
1592.3146663565085
1463.694048140484
1546.7021492951653
1473.2696252651879
1462.002354866665
1502.6854278252813
1436.322890850071
1566.173270457675
1570.7306524521384
1551.9857644125113
1517.1767893563326
1474.7762943460148
1453.4333570426463
1592.5102464487068
1522.0433349235027
