2.499999999999995
2.4999999999999956
2.499999999999995
2.499999999999995
2.4999999999999956
2.499999999999995
2.499999999999995
2.4999999999999956
2.499999999999995
2.499999999999995
2.499999999999995
2.499999999999995
2.4999999999999956
2.4999999999999956
2.4999999999999956
2.4999999999999956
2.4999999999999956
2.4999999999999956
2.4999999999999956
2.499999999999995
2.4999999999999956
2.4999999999999956
2.4999999999999956
2.4999999999999956
2.4999999999999956
2.4999999999999956
2.499999999999995
2.4999999999999956
2.4999999999999956
2.4999999999999956
2.499999999999995
2.4999999999999956
2.4999999999999956
2.4999999999999956
2.4999999999999956
2.4999999999999956
2.499999999999995
2.4999999999999956
2.499999999999995
2.4999999999999956
2.499999999999995
2.4999999999999956
2.499999999999995
2.499999999999995
2.499999999999995
2.4999999999999956
2.499999999999995
2.499999999999995
2.499999999999995
2.4999999999999956
2.499999999999995
2.499999999999996
2.499999999999995
2.4999999999999956
2.4999999999999956
2.4999999999999956
2.4999999999999956
2.4999999999999956
2.499999999999996
2.4999999999999956
2.499999999999995
2.4999999999999956
2.4999999999999956
2.499999999999995
2.499999999999995
2.499999999999995
2.499999999999995
2.499999999999995
2.499999999999995
2.4999999999999956
2.4999999999999956
2.499999999999995
2.499999999999995
2.4999999999999956
2.4999999999999956
2.4999999999999956
2.499999999999995
2.4999999999999956
2.4999999999999956
2.4999999999999956
2.499999999999995
2.4999999999999956
2.499999999999995
2.4999999999999956
2.4999999999999956
2.4999999999999956
2.4999999999999956
2.4999999999999956
2.4999999999999956
2.4999999999999956
2.4999999999999956
2.4999999999999956
2.499999999999995
2.4999999999999956
2.499999999999995
2.499999999999995
2.499999999999996
2.499999999999995
2.4999999999999956
2.499999999999995
