2.5
2.4999999999999996
2.4999999999999973
2.5000000000000013
2.500000000000001
2.5
2.5
2.500000000000001
2.5
2.5000000000000004
2.4999999999999987
2.4999999999999987
2.5000000000000013
2.4999999999999973
2.5000000000000018
2.4999999999999996
2.500000000000001
2.5
2.5000000000000018
2.5
2.5
2.5000000000000027
2.5000000000000004
2.4999999999999996
2.5000000000000004
2.4999999999999996
2.5000000000000004
2.5000000000000004
2.4999999999999893
2.4999999999999982
2.500000000000001
2.4999999999999996
2.500000000000001
2.5000000000000004
2.5000000000000018
2.5
2.4999999999999996
2.499999999999999
2.5000000000000004
2.5000000000000013
2.5000000000000004
2.499999999999999
2.5
2.500000000000001
2.500000000000001
2.5
2.5000000000000018
2.5000000000000004
2.499999999999999
2.5
2.5
2.5000000000000013
2.5000000000000004
2.5
2.5000000000000004
2.4999999999999996
2.5
2.4999999999999973
2.499999999999999
2.4999999999999996
2.4999999999999996
2.500000000000001
2.499999999999999
2.5
2.5000000000000013
2.500000000000001
2.5000000000000013
2.499999999999999
2.5
2.5
2.5
2.5000000000000018
2.5000000000000013
2.500000000000001
2.5
2.5
2.5000000000000013
2.5000000000000004
2.5000000000000004
2.5000000000000027
2.499999999999999
2.499999999999994
2.499999999999999
2.5
2.500000000000001
2.5
2.499999999999998
2.499999999999993
2.5
2.5000000000000013
2.5
2.500000000000001
2.5
2.5000000000000013
2.5000000000000004
2.500000000000003
2.5
2.4999999999999996
2.5000000000000004
2.5
